1627295162386 160.77670288085938 0
1627295448260 24.57833957672119 50
1627295728336 18.644258499145508 100
1627295999911 111.90416717529297 150
1627296272931 110.34360122680664 200
1627296540336 106.29289245605469 250
1627296814200 106.99238204956055 300
1627297076924 105.71055221557617 350
1627297345884 105.50593185424805 400
1627297608456 104.34595489501953 450
1627297875312 106.86198043823242 500
1627298139086 105.7977066040039 550
1627298403827 273.0330810546875 600
1627298670619 164.65412139892578 650
1627298932230 112.01173782348633 700
1627299195404 172.2041473388672 750
1627299462884 135.93995666503906 800
1627299725021 116.39213562011719 850
1627299990896 118.47197723388672 900
1627300253174 123.1639289855957 950
1627300518667 110.12416076660156 1000
1627300781364 114.95806503295898 1050
1627301045308 140.49846649169922 1100
1627301313401 128.7883415222168 1150
1627301576047 134.39138793945312 1200
1627301837768 135.33853149414062 1250
1627302098886 164.84300231933594 1300
1627302362402 548.1123352050781 1350
1627302628854 917.1263122558594 1400
1627302891458 515.513427734375 1450
1627303161660 300.6085968017578 1500
1627303420784 117.45730972290039 1550
1627303680430 110.92319869995117 1600
1627303941854 110.73342514038086 1650
1627304204367 112.01830291748047 1700
1627304468097 110.51348495483398 1750
1627304731752 110.38688278198242 1800
1627304991930 110.38526153564453 1850
1627305255289 111.21482849121094 1900
1627305519680 111.29450225830078 1950
1627305783769 110.91151428222656 2000
1627306044863 110.37267684936523 2050
1627306305818 111.4568862915039 2100
1627306568952 112.23526763916016 2150
1627306834845 111.87126159667969 2200
1627307092093 112.0164566040039 2250
1627307353850 110.28372573852539 2300
1627307619121 110.31565856933594 2350
1627307880415 111.94950866699219 2400
1627308140612 111.04862976074219 2450
1627308403755 111.93848419189453 2500
1627308662022 111.5621452331543 2550
1627308925848 110.78061294555664 2600
1627309187987 112.34965896606445 2650
1627309451193 112.51716995239258 2700
1627309710293 111.4640884399414 2750
1627309972879 113.45468521118164 2800
1627310232403 112.09363555908203 2850
1627310494554 117.63619995117188 2900
1627310754630 121.01431274414062 2950
1627311018445 112.76563262939453 3000
1627311274408 118.37682342529297 3050
1627311535672 116.22152328491211 3100
1627311800504 113.80227279663086 3150
1627312062301 114.03706741333008 3200
1627312324514 110.72174072265625 3250
1627312585573 112.84621810913086 3300
1627312845472 111.80153274536133 3350
1627313107453 112.08168411254883 3400
1627313370729 112.91623306274414 3450
1627313634070 114.57526016235352 3500
1627313893070 112.60826873779297 3550
1627314154489 115.03780746459961 3600
1627314416938 116.02275848388672 3650
1627314678759 111.76852035522461 3700
1627314939002 123.8637924194336 3750
1627315202937 294.23829650878906 3800
1627315464467 820.5261535644531 3850
1627315728313 478.5787811279297 3900
1627315991160 373.8763732910156 3950
1627316251654 120.81847763061523 4000
1627316511432 110.49516677856445 4050
1627316774161 110.73529052734375 4100
1627317034888 111.06968307495117 4150
1627317295615 110.92938995361328 4200
1627317554862 111.07183837890625 4250
1627317817222 111.18431854248047 4300
1627318076153 111.14425659179688 4350
1627318340030 112.75893020629883 4400
1627318599348 112.55354309082031 4450
1627318860634 112.43693542480469 4500
1627319122431 112.73212814331055 4550
1627319383005 110.94171142578125 4600
1627319642126 112.03443908691406 4650
1627319906767 111.58109664916992 4700
1627320163085 112.19940185546875 4750
1627320424634 115.3392448425293 4800
1627320686818 115.33247756958008 4850
1627320944711 111.28193283081055 4900
1627321202789 112.0212287902832 4950
1627321462642 111.14894485473633 5000
1627321722240 110.6162338256836 5050
1627321983209 111.04667282104492 5100
1627322244152 111.42858123779297 5150
1627322506799 115.12923431396484 5200
1627322763732 111.32624053955078 5250
1627323025066 111.19477081298828 5300
1627323285336 112.6680908203125 5350
1627323542839 110.7532958984375 5400
1627323804043 114.43937301635742 5450
1627324064311 112.41247177124023 5500
1627324320363 111.99483871459961 5550
1627324582136 110.70560836791992 5600
1627324844109 112.31529998779297 5650
1627325104141 112.71758651733398 5700
1627325366985 111.01495361328125 5750
1627325630838 120.02651596069336 5800
1627325891238 112.30394744873047 5850
1627326152972 113.61391830444336 5900
1627326408143 110.94147872924805 5950
1627326670972 111.81116104125977 6000
1627326930778 111.49261474609375 6050
1627327194777 117.35685348510742 6100
1627327454580 112.72533798217773 6150
1627327715645 111.96659088134766 6200
1627327974120 111.83221435546875 6250
1627328232995 112.22258377075195 6300
1627328493054 110.02012634277344 6350
1627328752382 112.5627326965332 6400
1627329009311 111.76779174804688 6450
1627329269353 111.82498931884766 6500
1627329530567 111.9471321105957 6550
1627329795510 112.33234786987305 6600
1627330054071 112.87736129760742 6650
1627330314828 115.65788269042969 6700
1627330572050 111.95235061645508 6750
1627330835457 111.34280395507812 6800
1627331092054 111.25643539428711 6850
1627331355276 111.7787094116211 6900
1627331614012 111.27831268310547 6950
1627331876282 110.71651458740234 7000
1627332136924 115.28578186035156 7050
1627332395309 111.22172546386719 7100
1627332651847 112.33984375 7150
1627332914755 112.2643928527832 7200
1627333174979 114.3469009399414 7250
1627333438256 111.47698974609375 7300
1627333699684 112.84048843383789 7350
1627333958041 112.35353469848633 7400
1627334217287 112.17155075073242 7450
1627334477085 111.66166305541992 7500
1627334734397 111.48046493530273 7550
1627334995313 111.79468536376953 7600
1627335257379 112.33658218383789 7650
1627335515858 116.8224983215332 7700
1627335776709 135.6702880859375 7750
1627336037513 133.5192642211914 7800
1627336297617 111.2396469116211 7850
1627336558547 112.35919952392578 7900
1627336815803 113.05947494506836 7950
1627337077224 111.96821594238281 8000
1627337340068 112.80768203735352 8050
1627337603594 111.95244979858398 8100
1627337859127 111.0419692993164 8150
1627338119750 113.4046516418457 8200
1627338377656 112.56024551391602 8250
1627338640279 114.24177169799805 8300
1627338903524 111.4286117553711 8350
1627339167003 111.8314323425293 8400
1627339421194 111.81350326538086 8450
1627339680758 113.11792755126953 8500
1627339943016 112.09280014038086 8550
1627340202155 112.24808120727539 8600
1627340460761 111.17658233642578 8650
1627340722622 112.74937438964844 8700
1627340981579 111.7157974243164 8750
1627341242829 113.13247680664062 8800
1627341501551 110.3851318359375 8850
1627341763956 109.87041091918945 8900
1627342022689 112.0098762512207 8950
1627342285967 111.10147094726562 9000
1627342544954 111.08503341674805 9050
1627342807325 113.7481918334961 9100
1627343064655 111.4862289428711 9150
1627343326975 110.33513259887695 9200
1627343584982 111.04069137573242 9250
1627343847254 110.5614242553711 9300
1627344106960 111.40816497802734 9350
1627344368450 111.29656982421875 9400
1627344627916 110.45378494262695 9450
1627344887096 110.75161361694336 9500
1627345147680 111.00489044189453 9550
1627345409432 111.50872039794922 9600
1627345667855 111.5185317993164 9650
1627345927738 111.08062362670898 9700
1627346189453 110.34771347045898 9750
1627346449045 111.78424453735352 9800
1627346705971 110.52323532104492 9850
1627346967753 111.72521591186523 9900
1627347230648 111.62670135498047 9950
