1627126897874 160.77670288085938 0
1627127182144 130.89239501953125 50
1627127460378 105.0963249206543 100
1627127738338 74.60151290893555 150
1627128016819 47.290748596191406 200
1627128291946 32.07441806793213 250
1627128570583 24.90641498565674 300
1627128837890 20.681557655334473 350
1627129112361 18.841593742370605 400
1627129382598 17.18690299987793 450
1627129658777 16.302685737609863 500
1627129930924 14.95500898361206 550
1627130207733 14.389796257019043 600
1627130479893 13.670196056365967 650
1627130754896 12.98121452331543 700
1627131023356 13.681959629058838 750
1627131301808 12.7786865234375 800
1627131575255 12.288842678070068 850
1627131849298 12.258853435516357 900
1627132121001 11.743362426757812 950
1627132394043 11.524170875549316 1000
1627132667133 11.722989082336426 1050
1627132939403 11.808050155639648 1100
1627133209001 11.541558742523193 1150
1627133481626 11.607969284057617 1200
1627133748384 10.833518981933594 1250
1627134021075 10.815924644470215 1300
1627134289641 10.074347019195557 1350
1627134558563 10.21547555923462 1400
1627134831019 10.250429630279541 1450
1627135099338 10.315947532653809 1500
1627135371692 9.555346488952637 1550
1627135641754 9.55595588684082 1600
1627135911118 9.458267211914062 1650
1627136182186 9.429598331451416 1700
1627136449795 8.595654249191284 1750
1627136721313 8.852691888809204 1800
1627136990969 8.776820182800293 1850
1627137260869 8.730531692504883 1900
1627137531327 8.427767515182495 1950
1627137799093 8.492859125137329 2000
1627138069421 8.172667264938354 2050
1627138342332 8.44206166267395 2100
1627138607728 8.193401098251343 2150
1627138879126 7.854637861251831 2200
1627139147769 8.29567837715149 2250
1627139423022 7.855189561843872 2300
1627139693479 7.455445051193237 2350
1627139966148 7.571572542190552 2400
1627140235149 7.484022617340088 2450
1627140509093 7.537419557571411 2500
1627140778811 7.5035059452056885 2550
1627141048400 7.294235706329346 2600
1627141320961 7.577009677886963 2650
1627141591665 7.151954412460327 2700
1627141860186 7.237995862960815 2750
1627142132646 7.253704786300659 2800
1627142398990 7.528133869171143 2850
1627142669408 6.884040832519531 2900
1627142938954 6.882193565368652 2950
1627143208814 6.821359395980835 3000
1627143478728 6.862427473068237 3050
1627143749176 6.995654582977295 3100
1627144019009 7.040519952774048 3150
1627144290288 6.77549147605896 3200
1627144558911 6.330241680145264 3250
1627144828614 6.541552782058716 3300
1627145096743 6.448181629180908 3350
1627145371081 6.755204200744629 3400
1627145639019 6.68077540397644 3450
1627145911338 6.666006803512573 3500
1627146178176 6.455393552780151 3550
1627146450365 6.2348809242248535 3600
1627146716418 6.233761310577393 3650
1627146988976 6.374154329299927 3700
1627147256891 6.272608757019043 3750
1627147522717 6.229118824005127 3800
1627147792303 6.132516622543335 3850
1627148062424 6.242160081863403 3900
1627148330587 6.176029205322266 3950
1627148602166 6.03808069229126 4000
1627148870567 5.9869301319122314 4050
1627149139120 6.124261140823364 4100
1627149409306 6.12675142288208 4150
1627149678710 5.635429382324219 4200
1627149947538 5.771072149276733 4250
1627150217954 5.892155647277832 4300
1627150486799 5.887139558792114 4350
1627150754677 5.794842720031738 4400
1627151028278 5.697685956954956 4450
1627151298756 6.105123519897461 4500
1627151569651 5.79730749130249 4550
1627151840462 5.872534990310669 4600
1627152108568 5.600221633911133 4650
1627152381458 5.841390609741211 4700
1627152651050 5.776630401611328 4750
1627152917366 5.748074769973755 4800
1627153187676 5.69776463508606 4850
1627153455642 5.733382701873779 4900
1627153724850 5.713220596313477 4950
1627153997907 5.556440353393555 5000
1627154267867 5.818703889846802 5050
1627154536493 5.6484761238098145 5100
1627154805418 5.587644100189209 5150
1627155072695 5.461282253265381 5200
1627155342981 5.286971569061279 5250
1627155613412 5.31714129447937 5300
1627155884566 5.378422975540161 5350
1627156156662 5.26175594329834 5400
1627156428523 5.300551414489746 5450
1627156698319 5.382434844970703 5500
1627156964285 5.509188652038574 5550
1627157233686 5.407671213150024 5600
1627157501506 5.3299360275268555 5650
1627157773493 5.209765672683716 5700
1627158039555 5.235578298568726 5750
1627158311185 5.342805624008179 5800
1627158580169 5.112523555755615 5850
1627158845541 5.198425054550171 5900
1627159114408 5.154276132583618 5950
1627159387857 5.310087442398071 6000
1627159658270 5.401997327804565 6050
1627159929366 5.280069589614868 6100
1627160195552 5.141459226608276 6150
1627160467649 5.198922872543335 6200
1627160735430 5.0402374267578125 6250
1627161008578 4.959800481796265 6300
1627161278676 5.227854490280151 6350
1627161548062 5.0599119663238525 6400
1627161818453 4.943332195281982 6450
1627162084842 4.969970941543579 6500
1627162356207 5.012880802154541 6550
1627162624257 5.041033983230591 6600
1627162898095 5.070940732955933 6650
1627163169128 5.021371841430664 6700
1627163435329 4.968665361404419 6750
1627163709786 4.937499046325684 6800
1627163980340 4.9212117195129395 6850
1627164250400 5.12052845954895 6900
1627164518403 4.911910057067871 6950
1627164787214 4.8943469524383545 7000
1627165054230 4.803762674331665 7050
1627165324522 4.776299476623535 7100
1627165596443 4.789496421813965 7150
1627165866954 4.755498647689819 7200
1627166138198 4.8073670864105225 7250
1627166404707 4.980726957321167 7300
1627166672669 4.8260791301727295 7350
1627166942366 4.823416233062744 7400
1627167216122 4.702831983566284 7450
1627167482119 4.663093090057373 7500
1627167748486 4.736829042434692 7550
1627168021077 4.651592493057251 7600
1627168292241 4.581778287887573 7650
1627168563327 4.677494049072266 7700
1627168832640 4.6615307331085205 7750
1627169106219 4.637129068374634 7800
1627169375583 4.681614398956299 7850
1627169644800 4.667290925979614 7900
1627169916674 4.654432535171509 7950
1627170184535 4.589169502258301 8000
1627170454883 4.560366868972778 8050
1627170726271 4.583369016647339 8100
1627170995336 4.506987571716309 8150
1627171264333 4.572040319442749 8200
1627171534748 4.504257440567017 8250
1627171806676 4.525583744049072 8300
1627172073657 4.592550992965698 8350
1627172343952 4.501628398895264 8400
1627172612387 4.412853002548218 8450
1627172882975 4.545024871826172 8500
1627173155884 4.4170897006988525 8550
1627173426138 4.41058874130249 8600
1627173692184 4.520045757293701 8650
1627173965921 4.53766655921936 8700
1627174231738 4.4156174659729 8750
1627174502884 4.453997850418091 8800
1627174771398 4.3820881843566895 8850
1627175042687 4.351733446121216 8900
1627175310761 4.374244213104248 8950
1627175582562 4.3732404708862305 9000
1627175849616 4.398933172225952 9050
1627176118522 4.3611767292022705 9100
1627176386238 4.335508584976196 9150
1627176660233 4.333380222320557 9200
1627176928860 4.341593503952026 9250
1627177199678 4.317967891693115 9300
1627177467869 4.3552186489105225 9350
1627177739694 4.326017379760742 9400
1627178010240 4.306084632873535 9450
1627178281365 4.278076171875 9500
1627178549783 4.29360556602478 9550
1627178819426 4.275571346282959 9600
1627179089060 4.269121885299683 9650
1627179357621 4.295149087905884 9700
1627179628309 4.276712656021118 9750
1627179898496 4.293001174926758 9800
1627180165425 4.260630130767822 9850
1627180438748 4.247471570968628 9900
1627180705502 4.246447324752808 9950
