1627183203352 130.9731903076172 50
1627183473337 105.09656524658203 100
1627183737284 75.17203521728516 150
1627184000856 47.567983627319336 200
1627184263252 32.65847587585449 250
1627184529276 25.168139457702637 300
1627184781957 21.15354824066162 350
1627185042099 18.891475677490234 400
1627185297263 17.420700073242188 450
1627185557600 16.072272300720215 500
1627185813095 15.180989265441895 550
1627186071614 14.266197204589844 600
1627186328958 13.55879020690918 650
1627186583222 13.850237846374512 700
1627186839775 12.92900276184082 750
1627187100734 12.525688648223877 800
1627187356008 12.48088264465332 850
1627187614167 11.717242240905762 900
1627187869390 11.123458862304688 950
1627188127622 11.892735004425049 1000
1627188381984 10.970672130584717 1050
1627188638628 11.139912605285645 1100
1627188895428 11.131794929504395 1150
1627189152287 10.780305862426758 1200
1627189405546 10.834600448608398 1250
1627189659998 10.398705959320068 1300
1627189915877 10.698010444641113 1350
1627190174436 9.798444747924805 1400
1627190430708 9.756916046142578 1450
1627190691909 9.533703327178955 1500
1627190944410 9.327025413513184 1550
1627191199553 9.295112609863281 1600
1627191454075 9.364033222198486 1650
1627191710283 9.094897270202637 1700
1627191965919 8.742242813110352 1750
1627192223905 8.68161654472351 1800
1627192478083 8.539561986923218 1850
1627192735716 8.740592002868652 1900
1627192994721 8.584401845932007 1950
1627193252023 8.058204412460327 2000
1627193506639 8.434226989746094 2050
1627193759368 7.9829888343811035 2100
1627194013570 8.350252628326416 2150
1627194273743 7.933372497558594 2200
1627194526735 7.688734769821167 2250
1627194780175 7.856318235397339 2300
1627195035027 7.719641923904419 2350
1627195287005 7.824840307235718 2400
1627195543193 8.044971704483032 2450
1627195798079 7.876068353652954 2500
1627196050346 7.525369167327881 2550
1627196306475 7.408465623855591 2600
1627196559814 7.292987108230591 2650
1627196815470 7.154885530471802 2700
1627197068881 7.342739105224609 2750
1627197327760 7.153746604919434 2800
1627197582049 6.911606550216675 2850
1627197836981 7.114453077316284 2900
1627198089647 6.897695779800415 2950
1627198348339 6.77587103843689 3000
1627198599382 6.871943712234497 3050
1627198857155 6.5354578495025635 3100
1627199116278 6.680619955062866 3150
1627199370913 6.739568471908569 3200
1627199626836 6.537727355957031 3250
1627199883794 6.525831699371338 3300
1627200138420 6.285651206970215 3350
1627200396009 6.162912368774414 3400
1627200652652 6.43429160118103 3450
1627200908837 6.308942794799805 3500
1627201160233 6.448272466659546 3550
1627201415409 6.429312229156494 3600
1627201669910 6.440564155578613 3650
1627201925333 6.031813621520996 3700
1627202179174 6.2614123821258545 3750
1627202436850 6.3196258544921875 3800
1627202691208 6.0880584716796875 3850
1627202946990 5.9103310108184814 3900
1627203202858 5.917030572891235 3950
1627203455303 5.9396374225616455 4000
1627203710317 5.806010723114014 4050
1627203965862 5.9957640171051025 4100
1627204225256 6.304861307144165 4150
1627204483164 6.0735533237457275 4200
1627204738809 5.651885986328125 4250
1627204998139 5.851485729217529 4300
1627205254577 5.601284503936768 4350
1627205515310 5.720952272415161 4400
1627205772947 5.920794486999512 4450
1627206031970 5.494676113128662 4500
1627206290912 5.4756903648376465 4550
1627206548232 5.745213747024536 4600
1627206805297 5.607377529144287 4650
1627207066349 5.492367744445801 4700
1627207321585 5.604217052459717 4750
1627207580322 5.37806248664856 4800
1627207840059 5.479786396026611 4850
1627208096195 5.444403886795044 4900
1627208351810 5.44847846031189 4950
1627208610063 5.329019069671631 5000
1627208866386 5.474563837051392 5050
1627209124709 5.403525352478027 5100
1627209380796 5.442992687225342 5150
1627209642741 5.22719669342041 5200
1627209897266 5.667014837265015 5250
1627210157774 5.5848188400268555 5300
1627210415842 5.602962970733643 5350
1627210668976 5.29698634147644 5400
1627210922377 5.284604072570801 5450
1627211177750 5.173398733139038 5500
1627211429413 5.261497259140015 5550
1627211684494 5.122826099395752 5600
1627211942502 5.040376663208008 5650
1627212198893 5.121068716049194 5700
1627212455247 5.181070566177368 5750
1627212710926 5.224159002304077 5800
1627212964192 5.405772924423218 5850
1627213220905 5.289328098297119 5900
1627213470146 5.06187629699707 5950
1627213724528 5.181135177612305 6000
1627213975635 5.144578695297241 6050
1627214233473 4.994274139404297 6100
1627214485434 5.141866683959961 6150
1627214740659 4.9867918491363525 6200
1627214992562 5.226480960845947 6250
1627215245368 5.148769378662109 6300
1627215500364 5.146541118621826 6350
1627215755378 5.102104663848877 6400
1627216008109 5.0335423946380615 6450
1627216264561 4.98142147064209 6500
1627216515545 4.902032136917114 6550
1627216770568 4.896827459335327 6600
1627217022674 4.9700164794921875 6650
1627217280728 5.052411317825317 6700
1627217533952 5.060630798339844 6750
1627217791287 4.791014909744263 6800
1627218043280 5.010146379470825 6850
1627218301345 4.984490394592285 6900
1627218556748 4.68274998664856 6950
1627218813322 4.8657050132751465 7000
1627219067911 4.849460124969482 7050
1627219322596 4.727854251861572 7100
1627219574345 4.793622255325317 7150
1627219830807 4.763536691665649 7200
1627220085538 4.612635135650635 7250
1627220344766 4.718378782272339 7300
1627220600579 4.685389280319214 7350
1627220852089 4.756239891052246 7400
1627221105557 4.691090106964111 7450
1627221359706 4.6781909465789795 7500
1627221612633 4.679303884506226 7550
1627221869979 4.6678242683410645 7600
1627222125289 4.633090019226074 7650
1627222379537 4.740088224411011 7700
1627222635422 4.5742480754852295 7750
1627222891187 4.658478021621704 7800
1627223147344 4.54712176322937 7850
1627223405353 4.550358057022095 7900
1627223657120 4.564564943313599 7950
1627223912324 4.575817108154297 8000
1627224169821 4.528202772140503 8050
1627224708921 160.77670288085938 0
1627225003021 130.95240020751953 50
1627225264873 4.575817108154297 8000
1627225548452 4.555972576141357 8050
1627225832507 4.545512914657593 8100
1627226105622 4.583855152130127 8150
1627226375351 4.469775676727295 8200
1627226640884 4.587535619735718 8250
1627226914006 4.637435436248779 8300
1627227173497 4.488809585571289 8350
1627227440243 4.482621192932129 8400
1627227700423 4.421172857284546 8450
1627227965001 4.431935787200928 8500
1627228230962 4.454923629760742 8550
1627228499803 4.543795347213745 8600
1627228766609 4.5552592277526855 8650
1627229027016 4.511655807495117 8700
1627229288790 4.536494016647339 8750
1627229555089 4.477058172225952 8800
1627229815472 4.5031960010528564 8850
1627230079023 4.4667809009552 8900
1627230340319 4.415252685546875 8950
1627230603542 4.423107385635376 9000
1627230865618 4.402693033218384 9050
1627231127179 4.402389287948608 9100
1627231391844 4.3910253047943115 9150
1627231652071 4.364691257476807 9200
1627231911091 4.392761707305908 9250
1627232170873 4.447307825088501 9300
1627232432985 4.338303327560425 9350
1627232696124 4.375515460968018 9400
1627232957986 4.325201511383057 9450
1627233225507 4.308295488357544 9500
1627233482554 4.273985147476196 9550
1627233743600 4.300220727920532 9600
1627234004363 4.301306247711182 9650
1627234266730 4.307058572769165 9700
1627234530051 4.278951406478882 9750
1627234793909 4.270587682723999 9800
1627235054852 4.249325275421143 9850
1627235319729 4.277743577957153 9900
1627235584577 4.287048578262329 9950
