1627349499696 160.71925354003906 0
1627349781688 159.17311096191406 50
1627350062030 156.0136260986328 100
1627350336714 152.48631286621094 150
1627350608144 147.49344635009766 200
1627350877834 143.30329132080078 250
1627351149875 139.4126739501953 300
1627351410715 135.6060562133789 350
1627351677979 131.8916778564453 400
1627351936959 128.4283332824707 450
1627352201685 125.22306823730469 500
1627352462052 122.33089447021484 550
1627352726493 119.83964538574219 600
1627352990201 117.51472473144531 650
1627353249849 115.21989822387695 700
1627353512122 112.89164352416992 750
1627353776344 110.51000595092773 800
1627354037488 107.83172225952148 850
1627354299968 105.06822204589844 900
1627354561491 102.2109260559082 950
1627354822901 99.19993209838867 1000
1627355083780 96.00070190429688 1050
1627355345454 92.92876815795898 1100
1627355609756 89.50286865234375 1150
1627355869159 86.25543975830078 1200
1627356128406 83.06137466430664 1250
1627356389817 79.9404182434082 1300
1627356649755 76.8058967590332 1350
1627356914012 73.65747451782227 1400
1627357173765 70.53575134277344 1450
1627357442214 67.81856536865234 1500
1627357699917 64.80137252807617 1550
1627357959351 62.04549789428711 1600
1627358219367 59.44710922241211 1650
1627358481449 56.95811653137207 1700
1627358744049 54.64590072631836 1750
1627359007463 52.40952110290527 1800
1627359268087 50.38066291809082 1850
1627359530309 48.46320724487305 1900
1627359791903 46.73271942138672 1950
1627360055523 45.23710823059082 2000
1627360314006 43.80996513366699 2050
1627360572951 42.52619934082031 2100
1627360834910 41.31038475036621 2150
1627361099250 40.14133644104004 2200
1627361356639 39.03348159790039 2250
1627361618783 37.83834266662598 2300
1627361880678 36.95681953430176 2350
1627362139835 35.97845458984375 2400
1627362398041 35.21146011352539 2450
1627362660520 34.273759841918945 2500
1627362919372 33.52537155151367 2550
1627363182164 32.78084754943848 2600
1627363442674 32.18599796295166 2650
1627363703340 31.43977928161621 2700
1627363961240 30.926684379577637 2750
1627364224170 30.20777702331543 2800
1627364482521 29.66344928741455 2850
1627364740658 29.058517456054688 2900
1627364999818 28.58253574371338 2950
1627365262966 28.0623779296875 3000
1627365519450 27.642189979553223 3050
1627365781150 27.12932777404785 3100
1627366043192 26.5818452835083 3150
1627366304291 26.200867652893066 3200
1627366564594 25.794967651367188 3250
1627366826144 25.400251388549805 3300
1627367084790 25.055349349975586 3350
1627367345455 24.7014217376709 3400
1627367606666 24.229942321777344 3450
1627367869058 24.03703022003174 3500
1627368127824 23.606669425964355 3550
1627368386553 23.377368927001953 3600
1627368648985 23.03717041015625 3650
1627368908992 22.701586723327637 3700
1627369168709 22.28089141845703 3750
1627369432461 21.951784133911133 3800
1627369692946 21.727357864379883 3850
1627369955174 21.50665283203125 3900
1627370216763 21.232099533081055 3950
1627370477697 20.91153907775879 4000
1627370737655 20.733705520629883 4050
1627371000018 20.43795680999756 4100
1627371260076 20.173709869384766 4150
1627371520302 19.88288402557373 4200
1627371778446 19.58626937866211 4250
1627372041607 19.362516403198242 4300
1627372299910 19.204153060913086 4350
1627372563221 18.99689292907715 4400
1627372821211 18.769271850585938 4450
1627373081595 18.46766185760498 4500
1627373343663 18.295016288757324 4550
1627373602588 18.061410903930664 4600
1627373862021 17.652469635009766 4650
1627374125053 17.486873626708984 4700
1627374383045 17.369264602661133 4750
1627374645376 17.059645652770996 4800
1627374905812 16.936171531677246 4850
1627375164181 16.823816299438477 4900
1627375422876 16.578113555908203 4950
1627375683263 16.265002727508545 5000
1627375942886 16.186437129974365 5050
1627376202646 16.0064697265625 5100
1627376462196 15.722699642181396 5150
1627376727328 15.668892860412598 5200
1627376984191 15.433772563934326 5250
1627377245520 15.366125106811523 5300
1627377506153 15.164045810699463 5350
1627377764169 15.002661228179932 5400
1627378024447 14.81230878829956 5450
1627378285574 14.683814525604248 5500
1627378542324 14.605401515960693 5550
1627378804290 14.346602439880371 5600
1627379066094 14.307037353515625 5650
1627379325207 14.212926864624023 5700
1627379587553 14.006172180175781 5750
1627379849792 13.879632949829102 5800
1627380109420 13.80647897720337 5850
1627380368575 13.643840789794922 5900
1627380623026 13.452333927154541 5950
1627380885349 13.355545043945312 6000
1627381142447 13.298201560974121 6050
1627381406692 13.133562088012695 6100
1627381664778 13.044475078582764 6150
1627381926054 12.832233905792236 6200
1627382184086 12.777551174163818 6250
1627382443784 12.771185874938965 6300
1627382702242 12.55955696105957 6350
1627382963303 12.473816871643066 6400
1627383220519 12.396219730377197 6450
1627383480131 12.364084243774414 6500
1627383741363 12.228673934936523 6550
1627384006854 12.102307796478271 6600
1627384263153 11.941609859466553 6650
1627384526123 11.856674194335938 6700
1627384783863 11.82671070098877 6750
1627385047076 11.699124336242676 6800
1627385305151 11.656763553619385 6850
1627385567751 11.570530414581299 6900
1627385827145 11.578012466430664 6950
1627386088738 11.352174282073975 7000
1627386348893 11.291136264801025 7050
1627386607393 11.289486408233643 7100
1627386865472 11.189140319824219 7150
1627387127549 11.073900699615479 7200
1627387386747 10.995232582092285 7250
1627387649372 10.931808471679688 7300
1627387910336 10.838513851165771 7350
1627388169229 10.766904354095459 7400
1627388429256 10.779971599578857 7450
1627388690678 10.638829708099365 7500
1627388947102 10.542039394378662 7550
1627389210025 10.576072692871094 7600
1627389473043 10.518717765808105 7650
1627389733261 10.36130142211914 7700
1627389994893 10.353251457214355 7750
1627390255441 10.316979885101318 7800
1627390515416 10.235414028167725 7850
1627390778958 10.194791316986084 7900
1627391036112 10.174537658691406 7950
1627391295903 10.021170616149902 8000
1627391558710 9.917299270629883 8050
1627391820596 9.953999519348145 8100
1627392075495 9.835163593292236 8150
1627392335395 9.797841548919678 8200
1627392591844 9.76474380493164 8250
1627392853080 9.738686084747314 8300
1627393116727 9.657036304473877 8350
1627393381007 9.64357328414917 8400
1627393637298 9.600129127502441 8450
1627393899244 9.507146835327148 8500
1627394158950 9.484827041625977 8550
1627394420459 9.430642127990723 8600
1627394679268 9.360404014587402 8650
1627394939660 9.364141941070557 8700
1627395195315 9.333001136779785 8750
1627395457280 9.30731725692749 8800
1627395715593 9.248507499694824 8850
1627395978812 9.166881561279297 8900
1627396236014 9.169446468353271 8950
1627396497954 9.212921142578125 9000
1627396755011 9.106764793395996 9050
1627397016123 9.048475742340088 9100
1627397272367 9.004669189453125 9150
1627397534529 9.005981922149658 9200
1627397793819 9.0098876953125 9250
1627398055173 8.937200546264648 9300
1627398314870 8.911492824554443 9350
1627398577133 8.918012619018555 9400
1627398835136 8.862220287322998 9450
1627399092304 8.858372688293457 9500
1627399352150 8.878473281860352 9550
1627399613165 8.813163757324219 9600
1627399870291 8.777617454528809 9650
1627400128347 8.77089548110962 9700
1627400389796 8.739552021026611 9750
1627400649013 8.747571468353271 9800
1627400905864 8.71889066696167 9850
1627401166644 8.70431137084961 9900
1627401427050 8.706757068634033 9950
