1627236140760 130.93488311767578 50
1627236409743 105.09194946289062 100
1627236678745 74.47819137573242 150
1627236949137 47.011268615722656 200
1627237216596 32.12252426147461 250
1627237489330 24.248611450195312 300
1627237750985 21.03919792175293 350
1627238023643 18.34238910675049 400
1627238289054 16.802343368530273 450
1627238552610 15.578365802764893 500
1627238815574 14.695063591003418 550
1627239083399 14.2063889503479 600
1627239344768 13.543986797332764 650
1627239609010 13.942949771881104 700
1627239874120 12.97024393081665 750
1627240136752 12.417037010192871 800
1627240399866 12.062641143798828 850
1627240663060 11.11369800567627 900
1627240928867 11.378963470458984 950
1627241193838 12.157083511352539 1000
1627241458061 10.928552150726318 1050
1627241723011 11.6081862449646 1100
1627242221042 11.6081862449646 1100
1627242438783 11.6081862449646 1100
1627242720965 10.375685691833496 1150
1627243000743 11.206892490386963 1200
1627243279314 11.059618473052979 1250
1627243559507 10.319689273834229 1300
1627243836137 10.676453113555908 1350
1627244115708 10.881138801574707 1400
1627244386110 9.909593105316162 1450
1627244661109 9.945429801940918 1500
1627244934102 9.555678367614746 1550
1627245213187 9.341904640197754 1600
1627245487583 9.175246000289917 1650
1627245765828 9.152584552764893 1700
1627246039035 9.456702709197998 1750
1627246316240 8.780537605285645 1800
1627246587360 8.69683313369751 1850
1627246866585 8.513530015945435 1900
1627247141608 8.761584281921387 1950
1627247418227 8.521762132644653 2000
1627247691087 8.764811038970947 2050
1627247965216 8.571515321731567 2100
1627248239905 8.46643614768982 2150
1627248516378 8.498172521591187 2200
1627248789465 8.113101243972778 2250
1627249067371 8.442640542984009 2300
1627249337597 7.931878566741943 2350
1627249615597 7.730057954788208 2400
1627249889706 7.722257375717163 2450
1627250163984 7.935110807418823 2500
1627250442710 8.040531396865845 2550
1627250717911 7.872443675994873 2600
1627250994752 7.525602340698242 2650
1627251269589 7.611220359802246 2700
1627251543995 7.4586803913116455 2750
1627251820670 7.287946462631226 2800
1627252093232 7.484196662902832 2850
1627252368705 7.2536234855651855 2900
1627252643785 7.287217855453491 2950
1627252918528 7.1548497676849365 3000
1627253194075 6.850151538848877 3050
1627253466403 7.221989393234253 3100
1627253742244 7.065428733825684 3150
1627254020087 7.118314266204834 3200
1627254289410 6.63936448097229 3250
1627254565196 6.868728399276733 3300
1627254837610 6.906241416931152 3350
1627255117069 6.8275306224823 3400
1627255390848 6.605893611907959 3450
1627255665957 6.504347085952759 3500
1627255939457 6.820023059844971 3550
1627256216820 6.45997953414917 3600
1627256491170 6.908257007598877 3650
1627256764403 6.443606376647949 3700
1627257042560 6.689546585083008 3750
1627257317176 6.41635799407959 3800
1627257589409 6.384805679321289 3850
1627257866748 6.524665355682373 3900
1627258137454 6.532276153564453 3950
1627258411211 6.27902626991272 4000
1627258685293 6.269831657409668 4050
1627258959230 6.161609411239624 4100
1627259234004 6.363273620605469 4150
1627259509188 6.275953769683838 4200
1627259782333 6.16018009185791 4250
1627260056521 6.146270036697388 4300
1627260330628 5.944280385971069 4350
1627260603550 6.330301523208618 4400
1627260875793 6.040809392929077 4450
1627261153444 6.215936899185181 4500
1627261426049 6.0999755859375 4550
1627261701716 6.109911680221558 4600
1627261972651 5.898339033126831 4650
1627262249224 6.136500597000122 4700
1627262519893 5.844834089279175 4750
1627262797454 5.986356019973755 4800
1627263069133 5.86456036567688 4850
1627263341283 5.754717588424683 4900
1627263616218 5.996619462966919 4950
1627263892811 5.9270923137664795 5000
1627264165965 5.883770942687988 5050
1627264442631 5.917930364608765 5100
1627264715226 5.949803590774536 5150
1627264987865 5.94517970085144 5200
1627265263872 5.870622873306274 5250
1627265539858 5.5192646980285645 5300
1627265812159 5.770123720169067 5350
1627266086456 5.586102247238159 5400
1627266359134 5.667513132095337 5450
1627266631625 5.809647083282471 5500
1627266909320 5.755588531494141 5550
1627267185901 5.51833176612854 5600
1627267461251 5.609594345092773 5650
1627267736236 5.653802871704102 5700
1627268009275 5.413192272186279 5750
1627268287134 5.217647075653076 5800
1627268562738 5.632293701171875 5850
1627268834408 5.62267541885376 5900
1627269109737 5.518640041351318 5950
1627269383846 5.59080171585083 6000
1627269657488 5.571143865585327 6050
1627269935390 5.45975399017334 6100
1627270211269 5.253366947174072 6150
1627270486069 5.604798316955566 6200
1627270759623 5.526880979537964 6250
1627271032036 5.177652359008789 6300
1627271306618 5.301990270614624 6350
1627271581518 5.3179872035980225 6400
1627271856985 5.372594356536865 6450
1627272134116 5.257856130599976 6500
1627272409627 5.245762825012207 6550
1627272684480 5.308949947357178 6600
1627272955488 5.179562091827393 6650
1627273228993 5.215801000595093 6700
1627273499891 5.250898361206055 6750
1627273778053 5.036494970321655 6800
1627274047530 5.051659107208252 6850
1627274322615 4.962840795516968 6900
1627274596722 5.058004379272461 6950
1627274867992 4.996577501296997 7000
1627275140472 4.896852493286133 7050
1627275418797 5.010223627090454 7100
1627275692491 5.089294910430908 7150
1627275967830 5.027107238769531 7200
1627276238379 5.021227836608887 7250
1627276513861 5.067087173461914 7300
1627276785755 4.955577850341797 7350
1627277065541 4.97697114944458 7400
1627277339022 4.986313343048096 7450
1627277613251 4.839728355407715 7500
1627277889825 4.772207975387573 7550
1627278161014 4.926434278488159 7600
1627278434854 5.069328546524048 7650
1627278709009 4.914725065231323 7700
1627278987033 4.94028377532959 7750
1627279260996 4.901352167129517 7800
1627279531342 4.812453269958496 7850
1627279808782 4.849418640136719 7900
1627280083329 4.894827127456665 7950
1627280357856 4.993300437927246 8000
1627280630403 4.7972657680511475 8050
1627280905005 4.758062362670898 8100
1627281177728 4.641496896743774 8150
1627281453690 4.809618949890137 8200
1627281729305 4.689650774002075 8250
1627282004543 4.615105628967285 8300
1627282279923 4.659015655517578 8350
1627282550453 4.690272808074951 8400
1627282822408 4.687299489974976 8450
1627283096079 4.683755874633789 8500
1627283374678 4.5823280811309814 8550
1627283645562 4.539012432098389 8600
1627283916787 4.556354284286499 8650
1627284192275 4.591317892074585 8700
1627284468451 4.575127124786377 8750
1627284743709 4.676459074020386 8800
1627285016828 4.545162200927734 8850
1627285295781 4.584625005722046 8900
1627285569846 4.586911201477051 8950
1627285844292 4.553407669067383 9000
1627286120042 4.5112433433532715 9050
1627286392333 4.519301176071167 9100
1627286667457 4.547411918640137 9150
1627286942772 4.460801124572754 9200
1627287218104 4.427370548248291 9250
1627287493264 4.4450578689575195 9300
1627287766721 4.37243390083313 9350
1627288043730 4.4170823097229 9400
1627288314814 4.404030799865723 9450
1627288590263 4.442230463027954 9500
1627288863123 4.5744030475616455 9550
1627289139298 4.491886377334595 9600
1627289416878 4.441683769226074 9650
1627289691354 4.39033055305481 9700
1627289961759 4.399467706680298 9750
1627290240759 4.349392652511597 9800
1627290511132 4.350138902664185 9850
1627290785608 4.331401586532593 9900
1627291058616 4.342976331710815 9950
